install.packages(“MASS”)
library(MASS)
a <- matrix(1:100,nrow=10)

b <- matrix(1:1000,nrow=10)
ginv(a)
ginv(b)

det(a)

> a <- matrix(1:100,nrow=10)
> b <- matrix(1:1000,nrow=10)
> ginv(a)
               [,1]          [,2]          [,3]          [,4]          [,5]          [,6]
 [1,] -0.0210247934 -0.0164738292 -0.0119228650 -7.371901e-03 -0.0028209366  1.730028e-03
 [2,] -0.0175647383 -0.0137557392 -0.0099467401 -6.137741e-03 -0.0023287420  1.480257e-03
 [3,] -0.0141046832 -0.0110376492 -0.0079706152 -4.903581e-03 -0.0018365473  1.230487e-03
 [4,] -0.0106446281 -0.0083195592 -0.0059944904 -3.669421e-03 -0.0013443526  9.807163e-04
 [5,] -0.0071845730 -0.0056014692 -0.0040183655 -2.435262e-03 -0.0008521579  7.309458e-04
 [6,] -0.0037245179 -0.0028833792 -0.0020422406 -1.201102e-03 -0.0003599633  4.811754e-04
 [7,] -0.0002644628 -0.0001652893 -0.0000661157  3.305785e-05  0.0001322314  2.314050e-04
 [8,]  0.0031955923  0.0025528007  0.0019100092  1.267218e-03  0.0006244261 -1.836547e-05
 [9,]  0.0066556474  0.0052708907  0.0038861341  2.501377e-03  0.0011166208 -2.681359e-04
[10,]  0.0101157025  0.0079889807  0.0058622590  3.735537e-03  0.0016088154 -5.179063e-04
               [,7]          [,8]          [,9]         [,10]
 [1,]  0.0062809917  0.0108319559  0.0153829201  0.0199338843
 [2,]  0.0052892562  0.0090982553  0.0129072544  0.0167162534
 [3,]  0.0042975207  0.0073645546  0.0104315886  0.0134986226
 [4,]  0.0033057851  0.0056308540  0.0079559229  0.0102809917
 [5,]  0.0023140496  0.0038971534  0.0054802571  0.0070633609
 [6,]  0.0013223140  0.0021634527  0.0030045914  0.0038457300
 [7,]  0.0003305785  0.0004297521  0.0005289256  0.0006280992
 [8,] -0.0006611570 -0.0013039486 -0.0019467401 -0.0025895317
 [9,] -0.0016528926 -0.0030376492 -0.0044224059 -0.0058071625
[10,] -0.0026446281 -0.0047713499 -0.0068980716 -0.0090247934
> ginv(b)
                [,1]          [,2]          [,3]          [,4]          [,5]          [,6]
  [1,] -2.173177e-03 -1.691569e-03 -1.209961e-03 -7.283528e-04 -2.467447e-04  2.348635e-04
  [2,] -2.140294e-03 -1.665967e-03 -1.191639e-03 -7.173117e-04 -2.429843e-04  2.313431e-04
  [3,] -2.107411e-03 -1.640364e-03 -1.173317e-03 -7.062706e-04 -2.392239e-04  2.278228e-04
  [4,] -2.074527e-03 -1.614761e-03 -1.154995e-03 -6.952295e-04 -2.354635e-04  2.243024e-04
  [5,] -2.041644e-03 -1.589159e-03 -1.136674e-03 -6.841884e-04 -2.317032e-04  2.207821e-04
  [6,] -2.008761e-03 -1.563556e-03 -1.118352e-03 -6.731473e-04 -2.279428e-04  2.172617e-04
  [7,] -1.975878e-03 -1.537954e-03 -1.100030e-03 -6.621062e-04 -2.241824e-04  2.137414e-04
  [8,] -1.942994e-03 -1.512351e-03 -1.081708e-03 -6.510651e-04 -2.204220e-04  2.102210e-04
  [9,] -1.910111e-03 -1.486749e-03 -1.063386e-03 -6.400240e-04 -2.166617e-04  2.067007e-04
 [10,] -1.877228e-03 -1.461146e-03 -1.045065e-03 -6.289829e-04 -2.129013e-04  2.031803e-04
 [11,] -1.844344e-03 -1.435544e-03 -1.026743e-03 -6.179418e-04 -2.091409e-04  1.996600e-04
 [12,] -1.811461e-03 -1.409941e-03 -1.008421e-03 -6.069007e-04 -2.053805e-04  1.961396e-04
 [13,] -1.778578e-03 -1.384338e-03 -9.900990e-04 -5.958596e-04 -2.016202e-04  1.926193e-04
 [14,] -1.745695e-03 -1.358736e-03 -9.717772e-04 -5.848185e-04 -1.978598e-04  1.890989e-04
 [15,] -1.712811e-03 -1.333133e-03 -9.534553e-04 -5.737774e-04 -1.940994e-04  1.855786e-04
 [16,] -1.679928e-03 -1.307531e-03 -9.351335e-04 -5.627363e-04 -1.903390e-04  1.820582e-04
 [17,] -1.647045e-03 -1.281928e-03 -9.168117e-04 -5.516952e-04 -1.865787e-04  1.785379e-04
 [18,] -1.614161e-03 -1.256326e-03 -8.984898e-04 -5.406541e-04 -1.828183e-04  1.750175e-04
 [19,] -1.581278e-03 -1.230723e-03 -8.801680e-04 -5.296130e-04 -1.790579e-04  1.714971e-04
 [20,] -1.548395e-03 -1.205121e-03 -8.618462e-04 -5.185719e-04 -1.752975e-04  1.679768e-04
 [21,] -1.515512e-03 -1.179518e-03 -8.435244e-04 -5.075308e-04 -1.715372e-04  1.644564e-04
 [22,] -1.482628e-03 -1.153915e-03 -8.252025e-04 -4.964896e-04 -1.677768e-04  1.609361e-04
 [23,] -1.449745e-03 -1.128313e-03 -8.068807e-04 -4.854485e-04 -1.640164e-04  1.574157e-04
 [24,] -1.416862e-03 -1.102710e-03 -7.885589e-04 -4.744074e-04 -1.602560e-04  1.538954e-04
 [25,] -1.383978e-03 -1.077108e-03 -7.702370e-04 -4.633663e-04 -1.564956e-04  1.503750e-04
 [26,] -1.351095e-03 -1.051505e-03 -7.519152e-04 -4.523252e-04 -1.527353e-04  1.468547e-04
 [27,] -1.318212e-03 -1.025903e-03 -7.335934e-04 -4.412841e-04 -1.489749e-04  1.433343e-04
 [28,] -1.285329e-03 -1.000300e-03 -7.152715e-04 -4.302430e-04 -1.452145e-04  1.398140e-04
 [29,] -1.252445e-03 -9.746975e-04 -6.969497e-04 -4.192019e-04 -1.414541e-04  1.362936e-04
 [30,] -1.219562e-03 -9.490949e-04 -6.786279e-04 -4.081608e-04 -1.376938e-04  1.327733e-04
 [31,] -1.186679e-03 -9.234923e-04 -6.603060e-04 -3.971197e-04 -1.339334e-04  1.292529e-04
 [32,] -1.153795e-03 -8.978898e-04 -6.419842e-04 -3.860786e-04 -1.301730e-04  1.257326e-04
 [33,] -1.120912e-03 -8.722872e-04 -6.236624e-04 -3.750375e-04 -1.264126e-04  1.222122e-04
 [34,] -1.088029e-03 -8.466847e-04 -6.053405e-04 -3.639964e-04 -1.226523e-04  1.186919e-04
 [35,] -1.055146e-03 -8.210821e-04 -5.870187e-04 -3.529553e-04 -1.188919e-04  1.151715e-04
 [36,] -1.022262e-03 -7.954795e-04 -5.686969e-04 -3.419142e-04 -1.151315e-04  1.116512e-04
 [37,] -9.893789e-04 -7.698770e-04 -5.503750e-04 -3.308731e-04 -1.113711e-04  1.081308e-04
 [38,] -9.564956e-04 -7.442744e-04 -5.320532e-04 -3.198320e-04 -1.076108e-04  1.046105e-04
 [39,] -9.236124e-04 -7.186719e-04 -5.137314e-04 -3.087909e-04 -1.038504e-04  1.010901e-04
 [40,] -8.907291e-04 -6.930693e-04 -4.954095e-04 -2.977498e-04 -1.000900e-04  9.756976e-05
 [41,] -8.578458e-04 -6.674667e-04 -4.770877e-04 -2.867087e-04 -9.632963e-05  9.404940e-05
 [42,] -8.249625e-04 -6.418642e-04 -4.587659e-04 -2.756676e-04 -9.256926e-05  9.052905e-05
 [43,] -7.920792e-04 -6.162616e-04 -4.404440e-04 -2.646265e-04 -8.880888e-05  8.700870e-05
 [44,] -7.591959e-04 -5.906591e-04 -4.221222e-04 -2.535854e-04 -8.504850e-05  8.348835e-05
 [45,] -7.263126e-04 -5.650565e-04 -4.038004e-04 -2.425443e-04 -8.128813e-05  7.996800e-05
 [46,] -6.934293e-04 -5.394539e-04 -3.854785e-04 -2.315032e-04 -7.752775e-05  7.644764e-05
 [47,] -6.605461e-04 -5.138514e-04 -3.671567e-04 -2.204620e-04 -7.376738e-05  7.292729e-05
 [48,] -6.276628e-04 -4.882488e-04 -3.488349e-04 -2.094209e-04 -7.000700e-05  6.940694e-05
 [49,] -5.947795e-04 -4.626463e-04 -3.305131e-04 -1.983798e-04 -6.624662e-05  6.588659e-05
 [50,] -5.618962e-04 -4.370437e-04 -3.121912e-04 -1.873387e-04 -6.248625e-05  6.236624e-05
 [51,] -5.290129e-04 -4.114411e-04 -2.938694e-04 -1.762976e-04 -5.872587e-05  5.884588e-05
 [52,] -4.961296e-04 -3.858386e-04 -2.755476e-04 -1.652565e-04 -5.496550e-05  5.532553e-05
 [53,] -4.632463e-04 -3.602360e-04 -2.572257e-04 -1.542154e-04 -5.120512e-05  5.180518e-05
 [54,] -4.303630e-04 -3.346335e-04 -2.389039e-04 -1.431743e-04 -4.744474e-05  4.828483e-05
 [55,] -3.974797e-04 -3.090309e-04 -2.205821e-04 -1.321332e-04 -4.368437e-05  4.476448e-05
 [56,] -3.645965e-04 -2.834283e-04 -2.022602e-04 -1.210921e-04 -3.992399e-05  4.124412e-05
 [57,] -3.317132e-04 -2.578258e-04 -1.839384e-04 -1.100510e-04 -3.616362e-05  3.772377e-05
 [58,] -2.988299e-04 -2.322232e-04 -1.656166e-04 -9.900990e-05 -3.240324e-05  3.420342e-05
 [59,] -2.659466e-04 -2.066207e-04 -1.472947e-04 -8.796880e-05 -2.864286e-05  3.068307e-05
 [60,] -2.330633e-04 -1.810181e-04 -1.289729e-04 -7.692769e-05 -2.488249e-05  2.716272e-05
 [61,] -2.001800e-04 -1.554155e-04 -1.106511e-04 -6.588659e-05 -2.112211e-05  2.364236e-05
 [62,] -1.672967e-04 -1.298130e-04 -9.232923e-05 -5.484548e-05 -1.736174e-05  2.012201e-05
 [63,] -1.344134e-04 -1.042104e-04 -7.400740e-05 -4.380438e-05 -1.360136e-05  1.660166e-05
 [64,] -1.015302e-04 -7.860786e-05 -5.568557e-05 -3.276328e-05 -9.840984e-06  1.308131e-05
 [65,] -6.864686e-05 -5.300530e-05 -3.736374e-05 -2.172217e-05 -6.080608e-06  9.560956e-06
 [66,] -3.576358e-05 -2.740274e-05 -1.904190e-05 -1.068107e-05 -2.320232e-06  6.040604e-06
 [67,] -2.880288e-06 -1.800180e-06 -7.200720e-07  3.600360e-07  1.440144e-06  2.520252e-06
 [68,]  3.000300e-05  2.380238e-05  1.760176e-05  1.140114e-05  5.200520e-06 -1.000100e-06
 [69,]  6.288629e-05  4.940494e-05  3.592359e-05  2.244224e-05  8.960896e-06 -4.520452e-06
 [70,]  9.576958e-05  7.500750e-05  5.424542e-05  3.348335e-05  1.272127e-05 -8.040804e-06
 [71,]  1.286529e-04  1.006101e-04  7.256726e-05  4.452445e-05  1.648165e-05 -1.156116e-05
 [72,]  1.615362e-04  1.262126e-04  9.088909e-05  5.556556e-05  2.024202e-05 -1.508151e-05
 [73,]  1.944194e-04  1.518152e-04  1.092109e-04  6.660666e-05  2.400240e-05 -1.860186e-05
 [74,]  2.273027e-04  1.774177e-04  1.275328e-04  7.764776e-05  2.776278e-05 -2.212221e-05
 [75,]  2.601860e-04  2.030203e-04  1.458546e-04  8.868887e-05  3.152315e-05 -2.564256e-05
 [76,]  2.930693e-04  2.286229e-04  1.641764e-04  9.972997e-05  3.528353e-05 -2.916292e-05
 [77,]  3.259526e-04  2.542254e-04  1.824982e-04  1.107711e-04  3.904390e-05 -3.268327e-05
 [78,]  3.588359e-04  2.798280e-04  2.008201e-04  1.218122e-04  4.280428e-05 -3.620362e-05
 [79,]  3.917192e-04  3.054305e-04  2.191419e-04  1.328533e-04  4.656466e-05 -3.972397e-05
 [80,]  4.246025e-04  3.310331e-04  2.374637e-04  1.438944e-04  5.032503e-05 -4.324432e-05
 [81,]  4.574857e-04  3.566357e-04  2.557856e-04  1.549355e-04  5.408541e-05 -4.676468e-05
 [82,]  4.903690e-04  3.822382e-04  2.741074e-04  1.659766e-04  5.784578e-05 -5.028503e-05
 [83,]  5.232523e-04  4.078408e-04  2.924292e-04  1.770177e-04  6.160616e-05 -5.380538e-05
 [84,]  5.561356e-04  4.334433e-04  3.107511e-04  1.880588e-04  6.536654e-05 -5.732573e-05
 [85,]  5.890189e-04  4.590459e-04  3.290729e-04  1.990999e-04  6.912691e-05 -6.084608e-05
 [86,]  6.219022e-04  4.846485e-04  3.473947e-04  2.101410e-04  7.288729e-05 -6.436644e-05
 [87,]  6.547855e-04  5.102510e-04  3.657166e-04  2.211821e-04  7.664766e-05 -6.788679e-05
 [88,]  6.876688e-04  5.358536e-04  3.840384e-04  2.322232e-04  8.040804e-05 -7.140714e-05
 [89,]  7.205521e-04  5.614561e-04  4.023602e-04  2.432643e-04  8.416842e-05 -7.492749e-05
 [90,]  7.534353e-04  5.870587e-04  4.206821e-04  2.543054e-04  8.792879e-05 -7.844784e-05
 [91,]  7.863186e-04  6.126613e-04  4.390039e-04  2.653465e-04  9.168917e-05 -8.196820e-05
 [92,]  8.192019e-04  6.382638e-04  4.573257e-04  2.763876e-04  9.544954e-05 -8.548855e-05
 [93,]  8.520852e-04  6.638664e-04  4.756476e-04  2.874287e-04  9.920992e-05 -8.900890e-05
 [94,]  8.849685e-04  6.894689e-04  4.939694e-04  2.984698e-04  1.029703e-04 -9.252925e-05
 [95,]  9.178518e-04  7.150715e-04  5.122912e-04  3.095110e-04  1.067307e-04 -9.604960e-05
 [96,]  9.507351e-04  7.406741e-04  5.306131e-04  3.205521e-04  1.104910e-04 -9.956996e-05
 [97,]  9.836184e-04  7.662766e-04  5.489349e-04  3.315932e-04  1.142514e-04 -1.030903e-04
 [98,]  1.016502e-03  7.918792e-04  5.672567e-04  3.426343e-04  1.180118e-04 -1.066107e-04
 [99,]  1.049385e-03  8.174817e-04  5.855786e-04  3.536754e-04  1.217722e-04 -1.101310e-04
[100,]  1.082268e-03  8.430843e-04  6.039004e-04  3.647165e-04  1.255326e-04 -1.136514e-04
                [,7]          [,8]          [,9]         [,10]
  [1,]  7.164716e-04  1.198080e-03  1.679688e-03  2.161296e-03
  [2,]  7.056706e-04  1.179998e-03  1.654325e-03  2.128653e-03
  [3,]  6.948695e-04  1.161916e-03  1.628963e-03  2.096010e-03
  [4,]  6.840684e-04  1.143834e-03  1.603600e-03  2.063366e-03
  [5,]  6.732673e-04  1.125753e-03  1.578238e-03  2.030723e-03
  [6,]  6.624662e-04  1.107671e-03  1.552875e-03  1.998080e-03
  [7,]  6.516652e-04  1.089589e-03  1.527513e-03  1.965437e-03
  [8,]  6.408641e-04  1.071507e-03  1.502150e-03  1.932793e-03
  [9,]  6.300630e-04  1.053425e-03  1.476788e-03  1.900150e-03
 [10,]  6.192619e-04  1.035344e-03  1.451425e-03  1.867507e-03
 [11,]  6.084608e-04  1.017262e-03  1.426063e-03  1.834863e-03
 [12,]  5.976598e-04  9.991799e-04  1.400700e-03  1.802220e-03
 [13,]  5.868587e-04  9.810981e-04  1.375338e-03  1.769577e-03
 [14,]  5.760576e-04  9.630163e-04  1.349975e-03  1.736934e-03
 [15,]  5.652565e-04  9.449345e-04  1.324612e-03  1.704290e-03
 [16,]  5.544554e-04  9.268527e-04  1.299250e-03  1.671647e-03
 [17,]  5.436544e-04  9.087709e-04  1.273887e-03  1.639004e-03
 [18,]  5.328533e-04  8.906891e-04  1.248525e-03  1.606361e-03
 [19,]  5.220522e-04  8.726073e-04  1.223162e-03  1.573717e-03
 [20,]  5.112511e-04  8.545255e-04  1.197800e-03  1.541074e-03
 [21,]  5.004500e-04  8.364436e-04  1.172437e-03  1.508431e-03
 [22,]  4.896490e-04  8.183618e-04  1.147075e-03  1.475788e-03
 [23,]  4.788479e-04  8.002800e-04  1.121712e-03  1.443144e-03
 [24,]  4.680468e-04  7.821982e-04  1.096350e-03  1.410501e-03
 [25,]  4.572457e-04  7.641164e-04  1.070987e-03  1.377858e-03
 [26,]  4.464446e-04  7.460346e-04  1.045625e-03  1.345215e-03
 [27,]  4.356436e-04  7.279528e-04  1.020262e-03  1.312571e-03
 [28,]  4.248425e-04  7.098710e-04  9.948995e-04  1.279928e-03
 [29,]  4.140414e-04  6.917892e-04  9.695370e-04  1.247285e-03
 [30,]  4.032403e-04  6.737074e-04  9.441744e-04  1.214641e-03
 [31,]  3.924392e-04  6.556256e-04  9.188119e-04  1.181998e-03
 [32,]  3.816382e-04  6.375438e-04  8.934493e-04  1.149355e-03
 [33,]  3.708371e-04  6.194619e-04  8.680868e-04  1.116712e-03
 [34,]  3.600360e-04  6.013801e-04  8.427243e-04  1.084068e-03
 [35,]  3.492349e-04  5.832983e-04  8.173617e-04  1.051425e-03
 [36,]  3.384338e-04  5.652165e-04  7.919992e-04  1.018782e-03
 [37,]  3.276328e-04  5.471347e-04  7.666367e-04  9.861386e-04
 [38,]  3.168317e-04  5.290529e-04  7.412741e-04  9.534953e-04
 [39,]  3.060306e-04  5.109711e-04  7.159116e-04  9.208521e-04
 [40,]  2.952295e-04  4.928893e-04  6.905491e-04  8.882088e-04
 [41,]  2.844284e-04  4.748075e-04  6.651865e-04  8.555656e-04
 [42,]  2.736274e-04  4.567257e-04  6.398240e-04  8.229223e-04
 [43,]  2.628263e-04  4.386439e-04  6.144614e-04  7.902790e-04
 [44,]  2.520252e-04  4.205621e-04  5.890989e-04  7.576358e-04
 [45,]  2.412241e-04  4.024802e-04  5.637364e-04  7.249925e-04
 [46,]  2.304230e-04  3.843984e-04  5.383738e-04  6.923492e-04
 [47,]  2.196220e-04  3.663166e-04  5.130113e-04  6.597060e-04
 [48,]  2.088209e-04  3.482348e-04  4.876488e-04  6.270627e-04
 [49,]  1.980198e-04  3.301530e-04  4.622862e-04  5.944194e-04
 [50,]  1.872187e-04  3.120712e-04  4.369237e-04  5.617762e-04
 [51,]  1.764176e-04  2.939894e-04  4.115612e-04  5.291329e-04
 [52,]  1.656166e-04  2.759076e-04  3.861986e-04  4.964896e-04
 [53,]  1.548155e-04  2.578258e-04  3.608361e-04  4.638464e-04
 [54,]  1.440144e-04  2.397440e-04  3.354735e-04  4.312031e-04
 [55,]  1.332133e-04  2.216622e-04  3.101110e-04  3.985599e-04
 [56,]  1.224122e-04  2.035804e-04  2.847485e-04  3.659166e-04
 [57,]  1.116112e-04  1.854985e-04  2.593859e-04  3.332733e-04
 [58,]  1.008101e-04  1.674167e-04  2.340234e-04  3.006301e-04
 [59,]  9.000900e-05  1.493349e-04  2.086609e-04  2.679868e-04
 [60,]  7.920792e-05  1.312531e-04  1.832983e-04  2.353435e-04
 [61,]  6.840684e-05  1.131713e-04  1.579358e-04  2.027003e-04
 [62,]  5.760576e-05  9.508951e-05  1.325733e-04  1.700570e-04
 [63,]  4.680468e-05  7.700770e-05  1.072107e-04  1.374137e-04
 [64,]  3.600360e-05  5.892589e-05  8.184818e-05  1.047705e-04
 [65,]  2.520252e-05  4.084408e-05  5.648565e-05  7.212721e-05
 [66,]  1.440144e-05  2.276228e-05  3.112311e-05  3.948395e-05
 [67,]  3.600360e-06  4.680468e-06  5.760576e-06  6.840684e-06
 [68,] -7.200720e-06 -1.340134e-05 -1.960196e-05 -2.580258e-05
 [69,] -1.800180e-05 -3.148315e-05 -4.496450e-05 -5.844584e-05
 [70,] -2.880288e-05 -4.956496e-05 -7.032703e-05 -9.108911e-05
 [71,] -3.960396e-05 -6.764676e-05 -9.568957e-05 -1.237324e-04
 [72,] -5.040504e-05 -8.572857e-05 -1.210521e-04 -1.563756e-04
 [73,] -6.120612e-05 -1.038104e-04 -1.464146e-04 -1.890189e-04
 [74,] -7.200720e-05 -1.218922e-04 -1.717772e-04 -2.216622e-04
 [75,] -8.280828e-05 -1.399740e-04 -1.971397e-04 -2.543054e-04
 [76,] -9.360936e-05 -1.580558e-04 -2.225023e-04 -2.869487e-04
 [77,] -1.044104e-04 -1.761376e-04 -2.478648e-04 -3.195920e-04
 [78,] -1.152115e-04 -1.942194e-04 -2.732273e-04 -3.522352e-04
 [79,] -1.260126e-04 -2.123012e-04 -2.985899e-04 -3.848785e-04
 [80,] -1.368137e-04 -2.303830e-04 -3.239524e-04 -4.175218e-04
 [81,] -1.476148e-04 -2.484648e-04 -3.493149e-04 -4.501650e-04
 [82,] -1.584158e-04 -2.665467e-04 -3.746775e-04 -4.828083e-04
 [83,] -1.692169e-04 -2.846285e-04 -4.000400e-04 -5.154515e-04
 [84,] -1.800180e-04 -3.027103e-04 -4.254025e-04 -5.480948e-04
 [85,] -1.908191e-04 -3.207921e-04 -4.507651e-04 -5.807381e-04
 [86,] -2.016202e-04 -3.388739e-04 -4.761276e-04 -6.133813e-04
 [87,] -2.124212e-04 -3.569557e-04 -5.014901e-04 -6.460246e-04
 [88,] -2.232223e-04 -3.750375e-04 -5.268527e-04 -6.786679e-04
 [89,] -2.340234e-04 -3.931193e-04 -5.522152e-04 -7.113111e-04
 [90,] -2.448245e-04 -4.112011e-04 -5.775778e-04 -7.439544e-04
 [91,] -2.556256e-04 -4.292829e-04 -6.029403e-04 -7.765977e-04
 [92,] -2.664266e-04 -4.473647e-04 -6.283028e-04 -8.092409e-04
 [93,] -2.772277e-04 -4.654465e-04 -6.536654e-04 -8.418842e-04
 [94,] -2.880288e-04 -4.835284e-04 -6.790279e-04 -8.745275e-04
 [95,] -2.988299e-04 -5.016102e-04 -7.043904e-04 -9.071707e-04
 [96,] -3.096310e-04 -5.196920e-04 -7.297530e-04 -9.398140e-04
 [97,] -3.204320e-04 -5.377738e-04 -7.551155e-04 -9.724572e-04
 [98,] -3.312331e-04 -5.558556e-04 -7.804780e-04 -1.005101e-03
 [99,] -3.420342e-04 -5.739374e-04 -8.058406e-04 -1.037744e-03
[100,] -3.528353e-04 -5.920192e-04 -8.312031e-04 -1.070387e-03
